0,0,10210,1,0,500,0.6,1
0,1,6251,0,0,300,0.5,0
0,2,19687,2,10,5,0,500,0.5,0
0,3,7244,0,0,300,0.5,0
0,4,19238,0,0,500,0.5,2
0,5,16216,1,0,500,0.5,2
1,0,10304,0,0,300,0.5,0
1,1,12058,1,0,500,0.5,1
1,2,13477,0,0,300,0.5,2
1,3,7080,1,0,500,0.5,0
1,4,7736,1,0,300,0.5,0
1,5,11462,1,0,500,0.5,0
2,0,16276,2,10,5,0,500,0.5,0
2,1,9493,1,0,500,0.5,2
2,2,9889,2,10,5,0,300,0.5,1
2,3,5906,0,0,500,0.5,0
2,4,10875,0,0,300,0.5,2
2,5,7568,1,0,500,0.5,0
3,0,15508,1,0,500,0.6,1
3,1,16260,2,10,5,0,300,0.5,0
3,2,8856,1,0,500,0.6,0
3,3,7057,0,0,300,0.5,2
3,4,10662,0,0,300,0.5,1
3,5,11185,1,0,300,0.5,1
4,0,14865,0,0,300,0.5,0
4,1,5708,1,0,500,0.6,1
4,2,19529,1,0,300,0.5,1
4,3,8940,1,0,300,0.5,1
4,4,8058,0,0,500,0.6,1
4,5,5564,2,10,5,0,300,0.5,0
5,0,19367,0,0,500,0.6,1
5,1,17760,2,10,5,0,300,0.5,2
5,2,14450,0,0,500,0.6,2
5,3,18995,1,0,500,0.6,0
5,4,19041,0,0,300,0.5,0
5,5,10949,2,10,5,0,500,0.6,0
6,0,10210,1,0,500,0.6,1
6,1,6251,0,0,300,0.5,0
6,2,19687,2,10,5,0,500,0.5,0
6,3,7244,0,0,300,0.5,0
6,4,19238,0,0,500,0.5,2
6,5,16216,1,0,500,0.5,2